00000000: 01111111 01000101 01001100 01000110 00000010 00000001  .ELF..
00000006: 00000001 00000000 00000000 00000000 00000000 00000000  ......
0000000c: 00000000 00000000 00000000 00000000 00000001 00000000  ......
00000012: 00111110 00000000 00000001 00000000 00000000 00000000  >.....
00000018: 00000000 00000000 00000000 00000000 00000000 00000000  ......
0000001e: 00000000 00000000 00000000 00000000 00000000 00000000  ......
00000024: 00000000 00000000 00000000 00000000 01100000 00010010  ....`.
0000002a: 00000000 00000000 00000000 00000000 00000000 00000000  ......
00000030: 00000000 00000000 00000000 00000000 01000000 00000000  ....@.
00000036: 00000000 00000000 00000000 00000000 01000000 00000000  ....@.
0000003c: 00001111 00000000 00001110 00000000 01010101 01001000  ....UH
00000042: 10001001 11100101 01001000 10001101 00110101 00000000  ..H.5.
00000048: 00000000 00000000 00000000 01001000 10001101 00111101  ...H.=
0000004e: 00000000 00000000 00000000 00000000 11101000 00000000  ......
00000054: 00000000 00000000 00000000 01001000 10001101 00110101  ...H.5
0000005a: 00000000 00000000 00000000 00000000 01001000 10001101  ....H.
00000060: 00111101 00000000 00000000 00000000 00000000 11101000  =.....
00000066: 00000000 00000000 00000000 00000000 01001000 10001101  ....H.
0000006c: 00110101 00000000 00000000 00000000 00000000 01001000  5....H
00000072: 10001101 00111101 00000000 00000000 00000000 00000000  .=....
00000078: 11101000 00000000 00000000 00000000 00000000 01001000  .....H
0000007e: 10001101 00110101 00000000 00000000 00000000 00000000  .5....
00000084: 01001000 10001101 00111101 00000000 00000000 00000000  H.=...
0000008a: 00000000 11101000 00000000 00000000 00000000 00000000  ......
00000090: 01001000 10001101 00110101 00000000 00000000 00000000  H.5...
00000096: 00000000 01001000 10001101 00111101 00000000 00000000  .H.=..
0000009c: 00000000 00000000 11101000 00000000 00000000 00000000  ......
000000a2: 00000000 01001000 10001101 00110101 00000000 00000000  .H.5..
000000a8: 00000000 00000000 01001000 10001101 00111101 00000000  ..H.=.
000000ae: 00000000 00000000 00000000 11101000 00000000 00000000  ......
000000b4: 00000000 00000000 10010000 01011101 11000011 01010101  ...].U
000000ba: 01001000 10001001 11100101 01001000 10000011 11101100  H..H..
000000c0: 00100000 01100100 01001000 10001011 00000100 00100101   dH..%
000000c6: 00101000 00000000 00000000 00000000 01001000 10001001  (...H.
000000cc: 01000101 11111000 00110001 11000000 11000111 01000101  E.1..E
000000d2: 11101100 00000000 00000000 00000000 00000000 10001011  ......
000000d8: 01000101 11101100 10000011 11111000 00000101 00001111  E.....
000000de: 10000100 01100101 00000010 00000000 00000000 01001000  .e...H
000000e4: 10001101 00110101 00000000 00000000 00000000 00000000  .5....
000000ea: 01001000 10001101 00111101 00000000 00000000 00000000  H.=...
000000f0: 00000000 11101000 00000000 00000000 00000000 00000000  ......
000000f6: 01001000 10001101 00110101 00000000 00000000 00000000  H.5...
000000fc: 00000000 01001000 10001101 00111101 00000000 00000000  .H.=..
00000102: 00000000 00000000 11101000 00000000 00000000 00000000  ......
00000108: 00000000 01001000 10001101 00110101 00000000 00000000  .H.5..
0000010e: 00000000 00000000 01001000 10001101 00111101 00000000  ..H.=.
00000114: 00000000 00000000 00000000 11101000 00000000 00000000  ......
0000011a: 00000000 00000000 01001000 10001101 00110101 00000000  ..H.5.
00000120: 00000000 00000000 00000000 01001000 10001101 00111101  ...H.=
00000126: 00000000 00000000 00000000 00000000 11101000 00000000  ......
0000012c: 00000000 00000000 00000000 01001000 10001101 00110101  ...H.5
00000132: 00000000 00000000 00000000 00000000 01001000 10001101  ....H.
00000138: 00111101 00000000 00000000 00000000 00000000 11101000  =.....
0000013e: 00000000 00000000 00000000 00000000 01001000 10001101  ....H.
00000144: 00110101 00000000 00000000 00000000 00000000 01001000  5....H
0000014a: 10001101 00111101 00000000 00000000 00000000 00000000  .=....
00000150: 11101000 00000000 00000000 00000000 00000000 01001000  .....H
00000156: 10001101 01000101 11101100 01001000 10001001 11000110  .E.H..
0000015c: 01001000 10001101 00111101 00000000 00000000 00000000  H.=...
00000162: 00000000 11101000 00000000 00000000 00000000 00000000  ......
00000168: 10001011 01000101 11101100 10000011 11111000 00000001  .E....
0000016e: 00001111 10000101 10010101 00000000 00000000 00000000  ......
00000174: 01001000 10001101 01000101 11110000 01001000 10001001  H.E.H.
0000017a: 11000110 01001000 10001101 00111101 00000000 00000000  .H.=..
00000180: 00000000 00000000 11101000 00000000 00000000 00000000  ......
00000186: 00000000 01001000 10001001 11000010 01001000 10001101  .H..H.
0000018c: 01000101 11110100 01001000 10001001 11000110 01001000  E.H..H
00000192: 10001001 11010111 11101000 00000000 00000000 00000000  ......
00000198: 00000000 10001011 01000101 11110000 10001001 11000110  ..E...
0000019e: 01001000 10001101 00111101 00000000 00000000 00000000  H.=...
000001a4: 00000000 11101000 00000000 00000000 00000000 00000000  ......
000001aa: 01001000 10001101 00110101 00000000 00000000 00000000  H.5...
000001b0: 00000000 01001000 10001001 11000111 11101000 00000000  .H....
000001b6: 00000000 00000000 00000000 01001000 10001001 11000010  ...H..
000001bc: 10001011 01000101 11110100 10001001 11000110 01001000  .E...H
000001c2: 10001001 11010111 11101000 00000000 00000000 00000000  ......
000001c8: 00000000 01001000 10001101 00110101 00000000 00000000  .H.5..
000001ce: 00000000 00000000 01001000 10001001 11000111 11101000  ..H...
000001d4: 00000000 00000000 00000000 00000000 01001000 10001001  ....H.
000001da: 11000001 10001011 01010101 11110000 10001011 01000101  ..U..E
000001e0: 11110100 00101001 11000010 10001001 11010000 10001001  .)....
000001e6: 11000110 01001000 10001001 11001111 11101000 00000000  .H....
000001ec: 00000000 00000000 00000000 01001000 10001001 11000010  ...H..
000001f2: 01001000 10001011 00000101 00000000 00000000 00000000  H.....
000001f8: 00000000 01001000 10001001 11000110 01001000 10001001  .H..H.
000001fe: 11010111 11101000 00000000 00000000 00000000 00000000  ......
00000204: 11101001 11001110 11111110 11111111 11111111 10001011  ......
0000020a: 01000101 11101100 10000011 11111000 00000010 00001111  E.....
00000210: 10000101 10010011 00000000 00000000 00000000 01001000  .....H
00000216: 10001101 01000101 11110000 01001000 10001001 11000110  .E.H..
0000021c: 01001000 10001101 00111101 00000000 00000000 00000000  H.=...
00000222: 00000000 11101000 00000000 00000000 00000000 00000000  ......
00000228: 01001000 10001001 11000010 01001000 10001101 01000101  H..H.E
0000022e: 11110100 01001000 10001001 11000110 01001000 10001001  .H..H.
00000234: 11010111 11101000 00000000 00000000 00000000 00000000  ......
0000023a: 10001011 01000101 11110000 10001001 11000110 01001000  .E...H
00000240: 10001101 00111101 00000000 00000000 00000000 00000000  .=....
00000246: 11101000 00000000 00000000 00000000 00000000 01001000  .....H
0000024c: 10001101 00110101 00000000 00000000 00000000 00000000  .5....
00000252: 01001000 10001001 11000111 11101000 00000000 00000000  H.....
00000258: 00000000 00000000 01001000 10001001 11000010 10001011  ..H...
0000025e: 01000101 11110100 10001001 11000110 01001000 10001001  E...H.
00000264: 11010111 11101000 00000000 00000000 00000000 00000000  ......
0000026a: 01001000 10001101 00110101 00000000 00000000 00000000  H.5...
00000270: 00000000 01001000 10001001 11000111 11101000 00000000  .H....
00000276: 00000000 00000000 00000000 01001000 10001001 11000001  ...H..
0000027c: 10001011 01010101 11110000 10001011 01000101 11110100  .U..E.
00000282: 00000001 11010000 10001001 11000110 01001000 10001001  ....H.
00000288: 11001111 11101000 00000000 00000000 00000000 00000000  ......
0000028e: 01001000 10001001 11000010 01001000 10001011 00000101  H..H..
00000294: 00000000 00000000 00000000 00000000 01001000 10001001  ....H.
0000029a: 11000110 01001000 10001001 11010111 11101000 00000000  .H....
000002a0: 00000000 00000000 00000000 11101001 00101111 11111110  ..../.
000002a6: 11111111 11111111 10001011 01000101 11101100 10000011  ...E..
000002ac: 11111000 00000011 00001111 10000101 00100011 11111110  ....#.
000002b2: 11111111 11111111 01001000 10001101 01000101 11110000  ..H.E.
000002b8: 01001000 10001001 11000110 01001000 10001101 00111101  H..H.=
000002be: 00000000 00000000 00000000 00000000 11101000 00000000  ......
000002c4: 00000000 00000000 00000000 01001000 10001001 11000010  ...H..
000002ca: 01001000 10001101 01000101 11110100 01001000 10001001  H.E.H.
000002d0: 11000110 01001000 10001001 11010111 11101000 00000000  .H....
000002d6: 00000000 00000000 00000000 10001011 01000101 11110000  ....E.
000002dc: 10001001 11000110 01001000 10001101 00111101 00000000  ..H.=.
000002e2: 00000000 00000000 00000000 11101000 00000000 00000000  ......
000002e8: 00000000 00000000 01001000 10001101 00110101 00000000  ..H.5.
000002ee: 00000000 00000000 00000000 01001000 10001001 11000111  ...H..
000002f4: 11101000 00000000 00000000 00000000 00000000 01001000  .....H
000002fa: 10001001 11000010 10001011 01000101 11110100 10001001  ...E..
00000300: 11000110 01001000 10001001 11010111 11101000 00000000  .H....
00000306: 00000000 00000000 00000000 01001000 10001101 00110101  ...H.5
0000030c: 00000000 00000000 00000000 00000000 01001000 10001001  ....H.
00000312: 11000111 11101000 00000000 00000000 00000000 00000000  ......
00000318: 01001000 10001001 11000001 10001011 01000101 11110000  H...E.
0000031e: 10001011 01110101 11110100 10011001 11110111 11111110  .u....
00000324: 10001001 11000110 01001000 10001001 11001111 11101000  ..H...
0000032a: 00000000 00000000 00000000 00000000 01001000 10001001  ....H.
00000330: 11000010 01001000 10001011 00000101 00000000 00000000  .H....
00000336: 00000000 00000000 01001000 10001001 11000110 01001000  ..H..H
0000033c: 10001001 11010111 11101000 00000000 00000000 00000000  ......
00000342: 00000000 11101001 10001111 11111101 11111111 11111111  ......
00000348: 10111000 00000000 00000000 00000000 00000000 01001000  .....H
0000034e: 10001011 01001101 11111000 01100100 01001000 00110011  .M.dH3
00000354: 00001100 00100101 00101000 00000000 00000000 00000000  .%(...
0000035a: 01110100 00000101 11101000 00000000 00000000 00000000  t.....
00000360: 00000000 11001001 11000011 01010101 01001000 10001001  ...UH.
00000366: 11100101 01001000 10000011 11101100 00010000 10001001  .H....
0000036c: 01111101 11111100 10001001 01110101 11111000 10000011  }..u..
00000372: 01111101 11111100 00000001 01110101 00110010 10000001  }..u2.
00000378: 01111101 11111000 11111111 11111111 00000000 00000000  }.....
0000037e: 01110101 00101001 01001000 10001101 00111101 00000000  u)H.=.
00000384: 00000000 00000000 00000000 11101000 00000000 00000000  ......
0000038a: 00000000 00000000 01001000 10001101 00010101 00000000  ..H...
00000390: 00000000 00000000 00000000 01001000 10001101 00110101  ...H.5
00000396: 00000000 00000000 00000000 00000000 01001000 10001011  ....H.
0000039c: 00000101 00000000 00000000 00000000 00000000 01001000  .....H
000003a2: 10001001 11000111 11101000 00000000 00000000 00000000  ......
000003a8: 00000000 10010000 11001001 11000011 01010101 01001000  ....UH
000003ae: 10001001 11100101 10111110 11111111 11111111 00000000  ......
000003b4: 00000000 10111111 00000001 00000000 00000000 00000000  ......
000003ba: 11101000 10100100 11111111 11111111 11111111 01011101  .....]
000003c0: 11000011 00000000 00101101 00101101 00101101 00101101  ..----
000003c6: 00101101 00101101 00101101 00101101 00101101 00101101  ------
000003cc: 00101101 00101101 00101101 00101101 00101101 00101101  ------
000003d2: 00000000 00101101 00100000 00110001 00101001 01000001  .- 1)A
000003d8: 01100100 01100100 00100000 00101101 00000000 00101101  dd -.-
000003de: 00100000 00110010 00101001 01010011 01110101 01100010   2)Sub
000003e4: 01110100 01110010 01100001 01100011 01110100 00100000  tract 
000003ea: 00101101 00000000 00101101 00100000 00110011 00101001  -.- 3)
000003f0: 01001101 01110101 01101100 01110100 01101001 01110000  Multip
000003f6: 01101100 01111001 00100000 00101101 00000000 00101101  ly -.-
000003fc: 00100000 00110100 00101001 01000101 01111000 01101001   4)Exi
00000402: 01110100 00100000 00101101 00000000 00101101 00101101  t -.--
00000408: 00101101 00101101 00101101 00101101 00101101 00101101  ------
0000040e: 00101101 00101101 00101101 00101101 00101101 00101101  ------
00000414: 00101101 00101101 00001010 00000000 00101101 00100000  --..- 
0000041a: 00110001 00101001 01000001 01100100 01100100 00100000  1)Add 
00000420: 00101101 00001010 00000000 00101101 00100000 00110010  -..- 2
00000426: 00101001 01010011 01110101 01100010 01110100 01110010  )Subtr
0000042c: 01100001 01100011 01110100 00100000 00101101 00001010  act -.
00000432: 00000000 00101101 00100000 00110011 00101001 01001101  .- 3)M
00000438: 01110101 01101100 01110100 01101001 01110000 01101100  ultipl
0000043e: 01111001 00100000 00101101 00001010 00000000 00101101  y -..-
00000444: 00100000 00110100 00101001 01000101 01111000 01101001   4)Exi
0000044a: 01110100 00100000 00101101 00001010 00000000 00100000  t -.. 
00000450: 00101101 00100000 00000000 00100000 00111101 00100000  - . = 
00000456: 00000000 00000000 00000000 00000000 00000000 00000000  ......
0000045c: 00000000 00000000 00000000 00000000 00000000 01000111  .....G
00000462: 01000011 01000011 00111010 00100000 00101000 01010101  CC: (U
00000468: 01100010 01110101 01101110 01110100 01110101 00100000  buntu 
0000046e: 00110111 00101110 00110101 00101110 00110000 00101101  7.5.0-
00000474: 00110011 01110101 01100010 01110101 01101110 01110100  3ubunt
0000047a: 01110101 00110001 01111110 00110001 00111000 00101110  u1~18.
00000480: 00110000 00110100 00101001 00100000 00110111 00101110  04) 7.
00000486: 00110101 00101110 00110000 00000000 00000000 00000000  5.0...
0000048c: 00000000 00000000 00000000 00000000 00010100 00000000  ......
00000492: 00000000 00000000 00000000 00000000 00000000 00000000  ......
00000498: 00000001 01111010 01010010 00000000 00000001 01111000  .zR..x
0000049e: 00010000 00000001 00011011 00001100 00000111 00001000  ......
000004a4: 10010000 00000001 00000000 00000000 00011100 00000000  ......
000004aa: 00000000 00000000 00011100 00000000 00000000 00000000  ......
000004b0: 00000000 00000000 00000000 00000000 01111001 00000000  ....y.
000004b6: 00000000 00000000 00000000 01000001 00001110 00010000  ...A..
000004bc: 10000110 00000010 01000011 00001101 00000110 00000010  ..C...
000004c2: 01110100 00001100 00000111 00001000 00000000 00000000  t.....
000004c8: 00011100 00000000 00000000 00000000 00111100 00000000  ....<.
000004ce: 00000000 00000000 00000000 00000000 00000000 00000000  ......
000004d4: 10101010 00000010 00000000 00000000 00000000 01000001  .....A
000004da: 00001110 00010000 10000110 00000010 01000011 00001101  ....C.
000004e0: 00000110 00000011 10100101 00000010 00001100 00000111  ......
000004e6: 00001000 00000000 00011100 00000000 00000000 00000000  ......
000004ec: 01011100 00000000 00000000 00000000 00000000 00000000  \.....
000004f2: 00000000 00000000 01001001 00000000 00000000 00000000  ..I...
000004f8: 00000000 01000001 00001110 00010000 10000110 00000010  .A....
000004fe: 01000011 00001101 00000110 00000010 01000100 00001100  C...D.
00000504: 00000111 00001000 00000000 00000000 00011100 00000000  ......
0000050a: 00000000 00000000 01111100 00000000 00000000 00000000  ..|...
00000510: 00000000 00000000 00000000 00000000 00010101 00000000  ......
00000516: 00000000 00000000 00000000 01000001 00001110 00010000  ...A..
0000051c: 10000110 00000010 01000011 00001101 00000110 01010000  ..C..P
00000522: 00001100 00000111 00001000 00000000 00000000 00000000  ......
00000528: 00000000 00000000 00000000 00000000 00000000 00000000  ......
0000052e: 00000000 00000000 00000000 00000000 00000000 00000000  ......
00000534: 00000000 00000000 00000000 00000000 00000000 00000000  ......
0000053a: 00000000 00000000 00000000 00000000 00000000 00000000  ......
00000540: 00000001 00000000 00000000 00000000 00000100 00000000  ......
00000546: 11110001 11111111 00000000 00000000 00000000 00000000  ......
0000054c: 00000000 00000000 00000000 00000000 00000000 00000000  ......
00000552: 00000000 00000000 00000000 00000000 00000000 00000000  ......
00000558: 00000000 00000000 00000000 00000000 00000011 00000000  ......
0000055e: 00000001 00000000 00000000 00000000 00000000 00000000  ......
00000564: 00000000 00000000 00000000 00000000 00000000 00000000  ......
0000056a: 00000000 00000000 00000000 00000000 00000000 00000000  ......
00000570: 00000000 00000000 00000000 00000000 00000011 00000000  ......
00000576: 00000011 00000000 00000000 00000000 00000000 00000000  ......
0000057c: 00000000 00000000 00000000 00000000 00000000 00000000  ......
00000582: 00000000 00000000 00000000 00000000 00000000 00000000  ......
00000588: 00000000 00000000 00000000 00000000 00000011 00000000  ......
0000058e: 00000100 00000000 00000000 00000000 00000000 00000000  ......
00000594: 00000000 00000000 00000000 00000000 00000000 00000000  ......
0000059a: 00000000 00000000 00000000 00000000 00000000 00000000  ......
000005a0: 00000000 00000000 00000000 00000000 00000011 00000000  ......
000005a6: 00000101 00000000 00000000 00000000 00000000 00000000  ......
000005ac: 00000000 00000000 00000000 00000000 00000000 00000000  ......
000005b2: 00000000 00000000 00000000 00000000 00000000 00000000  ......
000005b8: 00010011 00000000 00000000 00000000 00000001 00000000  ......
000005be: 00000101 00000000 00000000 00000000 00000000 00000000  ......
000005c4: 00000000 00000000 00000000 00000000 00000001 00000000  ......
000005ca: 00000000 00000000 00000000 00000000 00000000 00000000  ......
000005d0: 00101110 00000000 00000000 00000000 00000001 00000000  ......
000005d6: 00000100 00000000 00000000 00000000 00000000 00000000  ......
000005dc: 00000000 00000000 00000000 00000000 00000001 00000000  ......
000005e2: 00000000 00000000 00000000 00000000 00000000 00000000  ......
000005e8: 00111101 00000000 00000000 00000000 00000010 00000000  =.....
000005ee: 00000001 00000000 00100011 00000011 00000000 00000000  ..#...
000005f4: 00000000 00000000 00000000 00000000 01001001 00000000  ....I.
000005fa: 00000000 00000000 00000000 00000000 00000000 00000000  ......
00000600: 01101101 00000000 00000000 00000000 00000010 00000000  m.....
00000606: 00000001 00000000 01101100 00000011 00000000 00000000  ..l...
0000060c: 00000000 00000000 00000000 00000000 00010101 00000000  ......
00000612: 00000000 00000000 00000000 00000000 00000000 00000000  ......
00000618: 00000000 00000000 00000000 00000000 00000011 00000000  ......
0000061e: 00000110 00000000 00000000 00000000 00000000 00000000  ......
00000624: 00000000 00000000 00000000 00000000 00000000 00000000  ......
0000062a: 00000000 00000000 00000000 00000000 00000000 00000000  ......
00000630: 00000000 00000000 00000000 00000000 00000011 00000000  ......
00000636: 00001001 00000000 00000000 00000000 00000000 00000000  ......
0000063c: 00000000 00000000 00000000 00000000 00000000 00000000  ......
00000642: 00000000 00000000 00000000 00000000 00000000 00000000  ......
00000648: 00000000 00000000 00000000 00000000 00000011 00000000  ......
0000064e: 00001010 00000000 00000000 00000000 00000000 00000000  ......
00000654: 00000000 00000000 00000000 00000000 00000000 00000000  ......
0000065a: 00000000 00000000 00000000 00000000 00000000 00000000  ......
00000660: 00000000 00000000 00000000 00000000 00000011 00000000  ......
00000666: 00001000 00000000 00000000 00000000 00000000 00000000  ......
0000066c: 00000000 00000000 00000000 00000000 00000000 00000000  ......
00000672: 00000000 00000000 00000000 00000000 00000000 00000000  ......
00000678: 01111100 00000000 00000000 00000000 00010010 00000000  |.....
0000067e: 00000001 00000000 00000000 00000000 00000000 00000000  ......
00000684: 00000000 00000000 00000000 00000000 01111001 00000000  ....y.
0000068a: 00000000 00000000 00000000 00000000 00000000 00000000  ......
00000690: 10001101 00000000 00000000 00000000 00010000 00000000  ......
00000696: 00000000 00000000 00000000 00000000 00000000 00000000  ......
0000069c: 00000000 00000000 00000000 00000000 00000000 00000000  ......
000006a2: 00000000 00000000 00000000 00000000 00000000 00000000  ......
000006a8: 10010111 00000000 00000000 00000000 00010000 00000000  ......
000006ae: 00000000 00000000 00000000 00000000 00000000 00000000  ......
000006b4: 00000000 00000000 00000000 00000000 00000000 00000000  ......
000006ba: 00000000 00000000 00000000 00000000 00000000 00000000  ......
000006c0: 10101101 00000000 00000000 00000000 00010000 00000000  ......
000006c6: 00000000 00000000 00000000 00000000 00000000 00000000  ......
000006cc: 00000000 00000000 00000000 00000000 00000000 00000000  ......
000006d2: 00000000 00000000 00000000 00000000 00000000 00000000  ......
000006d8: 11100101 00000000 00000000 00000000 00010010 00000000  ......
000006de: 00000001 00000000 01111001 00000000 00000000 00000000  ..y...
000006e4: 00000000 00000000 00000000 00000000 10101010 00000010  ......
000006ea: 00000000 00000000 00000000 00000000 00000000 00000000  ......
000006f0: 11101010 00000000 00000000 00000000 00010000 00000000  ......
000006f6: 00000000 00000000 00000000 00000000 00000000 00000000  ......
000006fc: 00000000 00000000 00000000 00000000 00000000 00000000  ......
00000702: 00000000 00000000 00000000 00000000 00000000 00000000  ......
00000708: 11110011 00000000 00000000 00000000 00010000 00000000  ......
0000070e: 00000000 00000000 00000000 00000000 00000000 00000000  ......
00000714: 00000000 00000000 00000000 00000000 00000000 00000000  ......
0000071a: 00000000 00000000 00000000 00000000 00000000 00000000  ......
00000720: 11111110 00000000 00000000 00000000 00010000 00000000  ......
00000726: 00000000 00000000 00000000 00000000 00000000 00000000  ......
0000072c: 00000000 00000000 00000000 00000000 00000000 00000000  ......
00000732: 00000000 00000000 00000000 00000000 00000000 00000000  ......
00000738: 00001000 00000001 00000000 00000000 00010000 00000000  ......
0000073e: 00000000 00000000 00000000 00000000 00000000 00000000  ......
00000744: 00000000 00000000 00000000 00000000 00000000 00000000  ......
0000074a: 00000000 00000000 00000000 00000000 00000000 00000000  ......
00000750: 01000011 00000001 00000000 00000000 00010000 00000000  C.....
00000756: 00000000 00000000 00000000 00000000 00000000 00000000  ......
0000075c: 00000000 00000000 00000000 00000000 00000000 00000000  ......
00000762: 00000000 00000000 00000000 00000000 00000000 00000000  ......
00000768: 01010100 00000001 00000000 00000000 00010000 00000000  T.....
0000076e: 00000000 00000000 00000000 00000000 00000000 00000000  ......
00000774: 00000000 00000000 00000000 00000000 00000000 00000000  ......
0000077a: 00000000 00000000 00000000 00000000 00000000 00000000  ......
00000780: 01100101 00000001 00000000 00000000 00010000 00000000  e.....
00000786: 00000000 00000000 00000000 00000000 00000000 00000000  ......
0000078c: 00000000 00000000 00000000 00000000 00000000 00000000  ......
00000792: 00000000 00000000 00000000 00000000 00000000 00000000  ......
00000798: 01111101 00000001 00000000 00000000 00010000 00000010  }.....
0000079e: 00000000 00000000 00000000 00000000 00000000 00000000  ......
000007a4: 00000000 00000000 00000000 00000000 00000000 00000000  ......
000007aa: 00000000 00000000 00000000 00000000 00000000 00000000  ......
000007b0: 10001010 00000001 00000000 00000000 00010000 00000000  ......
000007b6: 00000000 00000000 00000000 00000000 00000000 00000000  ......
000007bc: 00000000 00000000 00000000 00000000 00000000 00000000  ......
000007c2: 00000000 00000000 00000000 00000000 00000000 00000000  ......
000007c8: 10100010 00000001 00000000 00000000 00010000 00000000  ......
000007ce: 00000000 00000000 00000000 00000000 00000000 00000000  ......
000007d4: 00000000 00000000 00000000 00000000 00000000 00000000  ......
000007da: 00000000 00000000 00000000 00000000 00000000 00000000  ......
000007e0: 00000000 01100001 01110011 01110011 01101001 01100111  .assig
000007e6: 01101110 01101101 01100101 01101110 01110100 00110110  nment6
000007ec: 01011111 00110001 00101110 01100011 01110000 01110000  _1.cpp
000007f2: 00000000 01011111 01011010 01010011 01110100 01001100  ._ZStL
000007f8: 00110001 00111001 01110000 01101001 01100101 01100011  19piec
000007fe: 01100101 01110111 01101001 01110011 01100101 01011111  ewise_
00000804: 01100011 01101111 01101110 01110011 01110100 01110010  constr
0000080a: 01110101 01100011 01110100 00000000 01011111 01011010  uct._Z
00000810: 01010011 01110100 01001100 00111000 01011111 01011111  StL8__
00000816: 01101001 01101111 01101001 01101110 01101001 01110100  ioinit
0000081c: 00000000 01011111 01011010 00110100 00110001 01011111  ._Z41_
00000822: 01011111 01110011 01110100 01100001 01110100 01101001  _stati
00000828: 01100011 01011111 01101001 01101110 01101001 01110100  c_init
0000082e: 01101001 01100001 01101100 01101001 01111010 01100001  ializa
00000834: 01110100 01101001 01101111 01101110 01011111 01100001  tion_a
0000083a: 01101110 01100100 01011111 01100100 01100101 01110011  nd_des
00000840: 01110100 01110010 01110101 01100011 01110100 01101001  tructi
00000846: 01101111 01101110 01011111 00110000 01101001 01101001  on_0ii
0000084c: 00000000 01011111 01000111 01001100 01001111 01000010  ._GLOB
00000852: 01000001 01001100 01011111 01011111 01110011 01110101  AL__su
00000858: 01100010 01011111 01001001 01011111 01011111 01011010  b_I__Z
0000085e: 00110001 00110001 01000100 01101001 01110011 01110000  11Disp
00000864: 01101100 01100001 01111001 01001101 01100101 01101110  layMen
0000086a: 01110101 01110110 00000000 01011111 01011010 01010011  uv._ZS
00000870: 01110100 00110100 01100011 01101111 01110101 01110100  t4cout
00000876: 00000000 01011111 01000111 01001100 01001111 01000010  ._GLOB
0000087c: 01000001 01001100 01011111 01001111 01000110 01000110  AL_OFF
00000882: 01010011 01000101 01010100 01011111 01010100 01000001  SET_TA
00000888: 01000010 01001100 01000101 01011111 00000000 01011111  BLE_._
0000088e: 01011010 01010011 01110100 01101100 01110011 01001001  ZStlsI
00000894: 01010011 01110100 00110001 00110001 01100011 01101000  St11ch
0000089a: 01100001 01110010 01011111 01110100 01110010 01100001  ar_tra
000008a0: 01101001 01110100 01110011 01001001 01100011 01000101  itsIcE
000008a6: 01000101 01010010 01010011 01110100 00110001 00110011  ERSt13
000008ac: 01100010 01100001 01110011 01101001 01100011 01011111  basic_
000008b2: 01101111 01110011 01110100 01110010 01100101 01100001  ostrea
000008b8: 01101101 01001001 01100011 01010100 01011111 01000101  mIcT_E
000008be: 01010011 00110101 01011111 01010000 01001011 01100011  S5_PKc
000008c4: 00000000 01101101 01100001 01101001 01101110 00000000  .main.
000008ca: 01011111 01011010 01010011 01110100 00110011 01100011  _ZSt3c
000008d0: 01101001 01101110 00000000 01011111 01011010 01001110  in._ZN
000008d6: 01010011 01101001 01110010 01110011 01000101 01010010  SirsER
000008dc: 01101001 00000000 01011111 01011010 01001110 01010011  i._ZNS
000008e2: 01101111 01101100 01110011 01000101 01101001 00000000  olsEi.
000008e8: 01011111 01011010 01010011 01110100 00110100 01100101  _ZSt4e
000008ee: 01101110 01100100 01101100 01001001 01100011 01010011  ndlIcS
000008f4: 01110100 00110001 00110001 01100011 01101000 01100001  t11cha
000008fa: 01110010 01011111 01110100 01110010 01100001 01101001  r_trai
00000900: 01110100 01110011 01001001 01100011 01000101 01000101  tsIcEE
00000906: 01010010 01010011 01110100 00110001 00110011 01100010  RSt13b
0000090c: 01100001 01110011 01101001 01100011 01011111 01101111  asic_o
00000912: 01110011 01110100 01110010 01100101 01100001 01101101  stream
00000918: 01001001 01010100 01011111 01010100 00110000 01011111  IT_T0_
0000091e: 01000101 01010011 00110110 01011111 00000000 01011111  ES6_._
00000924: 01011010 01001110 01010011 01101111 01101100 01110011  ZNSols
0000092a: 01000101 01010000 01000110 01010010 01010011 01101111  EPFRSo
00000930: 01010011 01011111 01000101 00000000 01011111 01011111  S_E.__
00000936: 01110011 01110100 01100001 01100011 01101011 01011111  stack_
0000093c: 01100011 01101000 01101011 01011111 01100110 01100001  chk_fa
00000942: 01101001 01101100 00000000 01011111 01011010 01001110  il._ZN
00000948: 01010011 01110100 00111000 01101001 01101111 01110011  St8ios
0000094e: 01011111 01100010 01100001 01110011 01100101 00110100  _base4
00000954: 01001001 01101110 01101001 01110100 01000011 00110001  InitC1
0000095a: 01000101 01110110 00000000 01011111 01011111 01100100  Ev.__d
00000960: 01110011 01101111 01011111 01101000 01100001 01101110  so_han
00000966: 01100100 01101100 01100101 00000000 01011111 01011010  dle._Z
0000096c: 01001110 01010011 01110100 00111000 01101001 01101111  NSt8io
00000972: 01110011 01011111 01100010 01100001 01110011 01100101  s_base
00000978: 00110100 01001001 01101110 01101001 01110100 01000100  4InitD
0000097e: 00110001 01000101 01110110 00000000 01011111 01011111  1Ev.__
00000984: 01100011 01111000 01100001 01011111 01100001 01110100  cxa_at
0000098a: 01100101 01111000 01101001 01110100 00000000 00000000  exit..
00000990: 00000111 00000000 00000000 00000000 00000000 00000000  ......
00000996: 00000000 00000000 00000010 00000000 00000000 00000000  ......
0000099c: 00000101 00000000 00000000 00000000 11111101 11111111  ......
000009a2: 11111111 11111111 11111111 11111111 11111111 11111111  ......
000009a8: 00001110 00000000 00000000 00000000 00000000 00000000  ......
000009ae: 00000000 00000000 00000010 00000000 00000000 00000000  ......
000009b4: 00001111 00000000 00000000 00000000 11111100 11111111  ......
000009ba: 11111111 11111111 11111111 11111111 11111111 11111111  ......
000009c0: 00010011 00000000 00000000 00000000 00000000 00000000  ......
000009c6: 00000000 00000000 00000100 00000000 00000000 00000000  ......
000009cc: 00010001 00000000 00000000 00000000 11111100 11111111  ......
000009d2: 11111111 11111111 11111111 11111111 11111111 11111111  ......
000009d8: 00011010 00000000 00000000 00000000 00000000 00000000  ......
000009de: 00000000 00000000 00000010 00000000 00000000 00000000  ......
000009e4: 00000101 00000000 00000000 00000000 00001110 00000000  ......
000009ea: 00000000 00000000 00000000 00000000 00000000 00000000  ......
000009f0: 00100001 00000000 00000000 00000000 00000000 00000000  !.....
000009f6: 00000000 00000000 00000010 00000000 00000000 00000000  ......
000009fc: 00001111 00000000 00000000 00000000 11111100 11111111  ......
00000a02: 11111111 11111111 11111111 11111111 11111111 11111111  ......
00000a08: 00100110 00000000 00000000 00000000 00000000 00000000  &.....
00000a0e: 00000000 00000000 00000100 00000000 00000000 00000000  ......
00000a14: 00010001 00000000 00000000 00000000 11111100 11111111  ......
00000a1a: 11111111 11111111 11111111 11111111 11111111 11111111  ......
00000a20: 00101101 00000000 00000000 00000000 00000000 00000000  -.....
00000a26: 00000000 00000000 00000010 00000000 00000000 00000000  ......
00000a2c: 00000101 00000000 00000000 00000000 00011000 00000000  ......
00000a32: 00000000 00000000 00000000 00000000 00000000 00000000  ......
00000a38: 00110100 00000000 00000000 00000000 00000000 00000000  4.....
00000a3e: 00000000 00000000 00000010 00000000 00000000 00000000  ......
00000a44: 00001111 00000000 00000000 00000000 11111100 11111111  ......
00000a4a: 11111111 11111111 11111111 11111111 11111111 11111111  ......
00000a50: 00111001 00000000 00000000 00000000 00000000 00000000  9.....
00000a56: 00000000 00000000 00000100 00000000 00000000 00000000  ......
00000a5c: 00010001 00000000 00000000 00000000 11111100 11111111  ......
00000a62: 11111111 11111111 11111111 11111111 11111111 11111111  ......
00000a68: 01000000 00000000 00000000 00000000 00000000 00000000  @.....
00000a6e: 00000000 00000000 00000010 00000000 00000000 00000000  ......
00000a74: 00000101 00000000 00000000 00000000 00100111 00000000  ....'.
00000a7a: 00000000 00000000 00000000 00000000 00000000 00000000  ......
00000a80: 01000111 00000000 00000000 00000000 00000000 00000000  G.....
00000a86: 00000000 00000000 00000010 00000000 00000000 00000000  ......
00000a8c: 00001111 00000000 00000000 00000000 11111100 11111111  ......
00000a92: 11111111 11111111 11111111 11111111 11111111 11111111  ......
00000a98: 01001100 00000000 00000000 00000000 00000000 00000000  L.....
00000a9e: 00000000 00000000 00000100 00000000 00000000 00000000  ......
00000aa4: 00010001 00000000 00000000 00000000 11111100 11111111  ......
00000aaa: 11111111 11111111 11111111 11111111 11111111 11111111  ......
00000ab0: 01010011 00000000 00000000 00000000 00000000 00000000  S.....
00000ab6: 00000000 00000000 00000010 00000000 00000000 00000000  ......
00000abc: 00000101 00000000 00000000 00000000 00110110 00000000  ....6.
00000ac2: 00000000 00000000 00000000 00000000 00000000 00000000  ......
00000ac8: 01011010 00000000 00000000 00000000 00000000 00000000  Z.....
00000ace: 00000000 00000000 00000010 00000000 00000000 00000000  ......
00000ad4: 00001111 00000000 00000000 00000000 11111100 11111111  ......
00000ada: 11111111 11111111 11111111 11111111 11111111 11111111  ......
00000ae0: 01011111 00000000 00000000 00000000 00000000 00000000  _.....
00000ae6: 00000000 00000000 00000100 00000000 00000000 00000000  ......
00000aec: 00010001 00000000 00000000 00000000 11111100 11111111  ......
00000af2: 11111111 11111111 11111111 11111111 11111111 11111111  ......
00000af8: 01100110 00000000 00000000 00000000 00000000 00000000  f.....
00000afe: 00000000 00000000 00000010 00000000 00000000 00000000  ......
00000b04: 00000101 00000000 00000000 00000000 11111101 11111111  ......
00000b0a: 11111111 11111111 11111111 11111111 11111111 11111111  ......
00000b10: 01101101 00000000 00000000 00000000 00000000 00000000  m.....
00000b16: 00000000 00000000 00000010 00000000 00000000 00000000  ......
00000b1c: 00001111 00000000 00000000 00000000 11111100 11111111  ......
00000b22: 11111111 11111111 11111111 11111111 11111111 11111111  ......
00000b28: 01110010 00000000 00000000 00000000 00000000 00000000  r.....
00000b2e: 00000000 00000000 00000100 00000000 00000000 00000000  ......
00000b34: 00010001 00000000 00000000 00000000 11111100 11111111  ......
00000b3a: 11111111 11111111 11111111 11111111 11111111 11111111  ......
00000b40: 10100110 00000000 00000000 00000000 00000000 00000000  ......
00000b46: 00000000 00000000 00000010 00000000 00000000 00000000  ......
00000b4c: 00000101 00000000 00000000 00000000 01000001 00000000  ....A.
00000b52: 00000000 00000000 00000000 00000000 00000000 00000000  ......
00000b58: 10101101 00000000 00000000 00000000 00000000 00000000  ......
00000b5e: 00000000 00000000 00000010 00000000 00000000 00000000  ......
00000b64: 00001111 00000000 00000000 00000000 11111100 11111111  ......
00000b6a: 11111111 11111111 11111111 11111111 11111111 11111111  ......
00000b70: 10110010 00000000 00000000 00000000 00000000 00000000  ......
00000b76: 00000000 00000000 00000100 00000000 00000000 00000000  ......
00000b7c: 00010001 00000000 00000000 00000000 11111100 11111111  ......
00000b82: 11111111 11111111 11111111 11111111 11111111 11111111  ......
00000b88: 10111001 00000000 00000000 00000000 00000000 00000000  ......
00000b8e: 00000000 00000000 00000010 00000000 00000000 00000000  ......
00000b94: 00000101 00000000 00000000 00000000 01010011 00000000  ....S.
00000b9a: 00000000 00000000 00000000 00000000 00000000 00000000  ......
00000ba0: 11000000 00000000 00000000 00000000 00000000 00000000  ......
00000ba6: 00000000 00000000 00000010 00000000 00000000 00000000  ......
00000bac: 00001111 00000000 00000000 00000000 11111100 11111111  ......
00000bb2: 11111111 11111111 11111111 11111111 11111111 11111111  ......
00000bb8: 11000101 00000000 00000000 00000000 00000000 00000000  ......
00000bbe: 00000000 00000000 00000100 00000000 00000000 00000000  ......
00000bc4: 00010001 00000000 00000000 00000000 11111100 11111111  ......
00000bca: 11111111 11111111 11111111 11111111 11111111 11111111  ......
00000bd0: 11001100 00000000 00000000 00000000 00000000 00000000  ......
00000bd6: 00000000 00000000 00000010 00000000 00000000 00000000  ......
00000bdc: 00000101 00000000 00000000 00000000 01011110 00000000  ....^.
00000be2: 00000000 00000000 00000000 00000000 00000000 00000000  ......
00000be8: 11010011 00000000 00000000 00000000 00000000 00000000  ......
00000bee: 00000000 00000000 00000010 00000000 00000000 00000000  ......
00000bf4: 00001111 00000000 00000000 00000000 11111100 11111111  ......
00000bfa: 11111111 11111111 11111111 11111111 11111111 11111111  ......
00000c00: 11011000 00000000 00000000 00000000 00000000 00000000  ......
00000c06: 00000000 00000000 00000100 00000000 00000000 00000000  ......
00000c0c: 00010001 00000000 00000000 00000000 11111100 11111111  ......
00000c12: 11111111 11111111 11111111 11111111 11111111 11111111  ......
00000c18: 11011111 00000000 00000000 00000000 00000000 00000000  ......
00000c1e: 00000000 00000000 00000010 00000000 00000000 00000000  ......
00000c24: 00000101 00000000 00000000 00000000 01101110 00000000  ....n.
00000c2a: 00000000 00000000 00000000 00000000 00000000 00000000  ......
00000c30: 11100110 00000000 00000000 00000000 00000000 00000000  ......
00000c36: 00000000 00000000 00000010 00000000 00000000 00000000  ......
00000c3c: 00001111 00000000 00000000 00000000 11111100 11111111  ......
00000c42: 11111111 11111111 11111111 11111111 11111111 11111111  ......
00000c48: 11101011 00000000 00000000 00000000 00000000 00000000  ......
00000c4e: 00000000 00000000 00000100 00000000 00000000 00000000  ......
00000c54: 00010001 00000000 00000000 00000000 11111100 11111111  ......
00000c5a: 11111111 11111111 11111111 11111111 11111111 11111111  ......
00000c60: 11110010 00000000 00000000 00000000 00000000 00000000  ......
00000c66: 00000000 00000000 00000010 00000000 00000000 00000000  ......
00000c6c: 00000101 00000000 00000000 00000000 01111110 00000000  ....~.
00000c72: 00000000 00000000 00000000 00000000 00000000 00000000  ......
00000c78: 11111001 00000000 00000000 00000000 00000000 00000000  ......
00000c7e: 00000000 00000000 00000010 00000000 00000000 00000000  ......
00000c84: 00001111 00000000 00000000 00000000 11111100 11111111  ......
00000c8a: 11111111 11111111 11111111 11111111 11111111 11111111  ......
00000c90: 11111110 00000000 00000000 00000000 00000000 00000000  ......
00000c96: 00000000 00000000 00000100 00000000 00000000 00000000  ......
00000c9c: 00010001 00000000 00000000 00000000 11111100 11111111  ......
00000ca2: 11111111 11111111 11111111 11111111 11111111 11111111  ......
00000ca8: 00000101 00000001 00000000 00000000 00000000 00000000  ......
00000cae: 00000000 00000000 00000010 00000000 00000000 00000000  ......
00000cb4: 00000101 00000000 00000000 00000000 01000001 00000000  ....A.
00000cba: 00000000 00000000 00000000 00000000 00000000 00000000  ......
00000cc0: 00001100 00000001 00000000 00000000 00000000 00000000  ......
00000cc6: 00000000 00000000 00000010 00000000 00000000 00000000  ......
00000ccc: 00001111 00000000 00000000 00000000 11111100 11111111  ......
00000cd2: 11111111 11111111 11111111 11111111 11111111 11111111  ......
00000cd8: 00010001 00000001 00000000 00000000 00000000 00000000  ......
00000cde: 00000000 00000000 00000100 00000000 00000000 00000000  ......
00000ce4: 00010001 00000000 00000000 00000000 11111100 11111111  ......
00000cea: 11111111 11111111 11111111 11111111 11111111 11111111  ......
00000cf0: 00011111 00000001 00000000 00000000 00000000 00000000  ......
00000cf6: 00000000 00000000 00000010 00000000 00000000 00000000  ......
00000cfc: 00010011 00000000 00000000 00000000 11111100 11111111  ......
00000d02: 11111111 11111111 11111111 11111111 11111111 11111111  ......
00000d08: 00100100 00000001 00000000 00000000 00000000 00000000  $.....
00000d0e: 00000000 00000000 00000100 00000000 00000000 00000000  ......
00000d14: 00010100 00000000 00000000 00000000 11111100 11111111  ......
00000d1a: 11111111 11111111 11111111 11111111 11111111 11111111  ......
00000d20: 00111110 00000001 00000000 00000000 00000000 00000000  >.....
00000d26: 00000000 00000000 00000010 00000000 00000000 00000000  ......
00000d2c: 00010011 00000000 00000000 00000000 11111100 11111111  ......
00000d32: 11111111 11111111 11111111 11111111 11111111 11111111  ......
00000d38: 01000011 00000001 00000000 00000000 00000000 00000000  C.....
00000d3e: 00000000 00000000 00000100 00000000 00000000 00000000  ......
00000d44: 00010100 00000000 00000000 00000000 11111100 11111111  ......
00000d4a: 11111111 11111111 11111111 11111111 11111111 11111111  ......
00000d50: 01010101 00000001 00000000 00000000 00000000 00000000  U.....
00000d56: 00000000 00000000 00000100 00000000 00000000 00000000  ......
00000d5c: 00010100 00000000 00000000 00000000 11111100 11111111  ......
00000d62: 11111111 11111111 11111111 11111111 11111111 11111111  ......
00000d68: 01100001 00000001 00000000 00000000 00000000 00000000  a.....
00000d6e: 00000000 00000000 00000010 00000000 00000000 00000000  ......
00000d74: 00001111 00000000 00000000 00000000 11111100 11111111  ......
00000d7a: 11111111 11111111 11111111 11111111 11111111 11111111  ......
00000d80: 01100110 00000001 00000000 00000000 00000000 00000000  f.....
00000d86: 00000000 00000000 00000100 00000000 00000000 00000000  ......
00000d8c: 00010101 00000000 00000000 00000000 11111100 11111111  ......
00000d92: 11111111 11111111 11111111 11111111 11111111 11111111  ......
00000d98: 01101101 00000001 00000000 00000000 00000000 00000000  m.....
00000d9e: 00000000 00000000 00000010 00000000 00000000 00000000  ......
00000da4: 00000101 00000000 00000000 00000000 10001010 00000000  ......
00000daa: 00000000 00000000 00000000 00000000 00000000 00000000  ......
00000db0: 01110101 00000001 00000000 00000000 00000000 00000000  u.....
00000db6: 00000000 00000000 00000100 00000000 00000000 00000000  ......
00000dbc: 00010001 00000000 00000000 00000000 11111100 11111111  ......
00000dc2: 11111111 11111111 11111111 11111111 11111111 11111111  ......
00000dc8: 10000101 00000001 00000000 00000000 00000000 00000000  ......
00000dce: 00000000 00000000 00000100 00000000 00000000 00000000  ......
00000dd4: 00010101 00000000 00000000 00000000 11111100 11111111  ......
00000dda: 11111111 11111111 11111111 11111111 11111111 11111111  ......
00000de0: 10001100 00000001 00000000 00000000 00000000 00000000  ......
00000de6: 00000000 00000000 00000010 00000000 00000000 00000000  ......
00000dec: 00000101 00000000 00000000 00000000 10001110 00000000  ......
00000df2: 00000000 00000000 00000000 00000000 00000000 00000000  ......
00000df8: 10010100 00000001 00000000 00000000 00000000 00000000  ......
00000dfe: 00000000 00000000 00000100 00000000 00000000 00000000  ......
00000e04: 00010001 00000000 00000000 00000000 11111100 11111111  ......
00000e0a: 11111111 11111111 11111111 11111111 11111111 11111111  ......
00000e10: 10101011 00000001 00000000 00000000 00000000 00000000  ......
00000e16: 00000000 00000000 00000100 00000000 00000000 00000000  ......
00000e1c: 00010101 00000000 00000000 00000000 11111100 11111111  ......
00000e22: 11111111 11111111 11111111 11111111 11111111 11111111  ......
00000e28: 10110101 00000001 00000000 00000000 00000000 00000000  ......
00000e2e: 00000000 00000000 00101010 00000000 00000000 00000000  ..*...
00000e34: 00010110 00000000 00000000 00000000 11111100 11111111  ......
00000e3a: 11111111 11111111 11111111 11111111 11111111 11111111  ......
00000e40: 11000000 00000001 00000000 00000000 00000000 00000000  ......
00000e46: 00000000 00000000 00000100 00000000 00000000 00000000  ......
00000e4c: 00010111 00000000 00000000 00000000 11111100 11111111  ......
00000e52: 11111111 11111111 11111111 11111111 11111111 11111111  ......
00000e58: 11011111 00000001 00000000 00000000 00000000 00000000  ......
00000e5e: 00000000 00000000 00000010 00000000 00000000 00000000  ......
00000e64: 00010011 00000000 00000000 00000000 11111100 11111111  ......
00000e6a: 11111111 11111111 11111111 11111111 11111111 11111111  ......
00000e70: 11100100 00000001 00000000 00000000 00000000 00000000  ......
00000e76: 00000000 00000000 00000100 00000000 00000000 00000000  ......
00000e7c: 00010100 00000000 00000000 00000000 11111100 11111111  ......
00000e82: 11111111 11111111 11111111 11111111 11111111 11111111  ......
00000e88: 11110110 00000001 00000000 00000000 00000000 00000000  ......
00000e8e: 00000000 00000000 00000100 00000000 00000000 00000000  ......
00000e94: 00010100 00000000 00000000 00000000 11111100 11111111  ......
00000e9a: 11111111 11111111 11111111 11111111 11111111 11111111  ......
00000ea0: 00000010 00000010 00000000 00000000 00000000 00000000  ......
00000ea6: 00000000 00000000 00000010 00000000 00000000 00000000  ......
00000eac: 00001111 00000000 00000000 00000000 11111100 11111111  ......
00000eb2: 11111111 11111111 11111111 11111111 11111111 11111111  ......
00000eb8: 00000111 00000010 00000000 00000000 00000000 00000000  ......
00000ebe: 00000000 00000000 00000100 00000000 00000000 00000000  ......
00000ec4: 00010101 00000000 00000000 00000000 11111100 11111111  ......
00000eca: 11111111 11111111 11111111 11111111 11111111 11111111  ......
00000ed0: 00001110 00000010 00000000 00000000 00000000 00000000  ......
00000ed6: 00000000 00000000 00000010 00000000 00000000 00000000  ......
00000edc: 00000101 00000000 00000000 00000000 10001010 00000000  ......
00000ee2: 00000000 00000000 00000000 00000000 00000000 00000000  ......
00000ee8: 00010110 00000010 00000000 00000000 00000000 00000000  ......
00000eee: 00000000 00000000 00000100 00000000 00000000 00000000  ......
00000ef4: 00010001 00000000 00000000 00000000 11111100 11111111  ......
00000efa: 11111111 11111111 11111111 11111111 11111111 11111111  ......
00000f00: 00100110 00000010 00000000 00000000 00000000 00000000  &.....
00000f06: 00000000 00000000 00000100 00000000 00000000 00000000  ......
00000f0c: 00010101 00000000 00000000 00000000 11111100 11111111  ......
00000f12: 11111111 11111111 11111111 11111111 11111111 11111111  ......
00000f18: 00101101 00000010 00000000 00000000 00000000 00000000  -.....
00000f1e: 00000000 00000000 00000010 00000000 00000000 00000000  ......
00000f24: 00000101 00000000 00000000 00000000 10001110 00000000  ......
00000f2a: 00000000 00000000 00000000 00000000 00000000 00000000  ......
00000f30: 00110101 00000010 00000000 00000000 00000000 00000000  5.....
00000f36: 00000000 00000000 00000100 00000000 00000000 00000000  ......
00000f3c: 00010001 00000000 00000000 00000000 11111100 11111111  ......
00000f42: 11111111 11111111 11111111 11111111 11111111 11111111  ......
00000f48: 01001010 00000010 00000000 00000000 00000000 00000000  J.....
00000f4e: 00000000 00000000 00000100 00000000 00000000 00000000  ......
00000f54: 00010101 00000000 00000000 00000000 11111100 11111111  ......
00000f5a: 11111111 11111111 11111111 11111111 11111111 11111111  ......
00000f60: 01010100 00000010 00000000 00000000 00000000 00000000  T.....
00000f66: 00000000 00000000 00101010 00000000 00000000 00000000  ..*...
00000f6c: 00010110 00000000 00000000 00000000 11111100 11111111  ......
00000f72: 11111111 11111111 11111111 11111111 11111111 11111111  ......
00000f78: 01011111 00000010 00000000 00000000 00000000 00000000  _.....
00000f7e: 00000000 00000000 00000100 00000000 00000000 00000000  ......
00000f84: 00010111 00000000 00000000 00000000 11111100 11111111  ......
00000f8a: 11111111 11111111 11111111 11111111 11111111 11111111  ......
00000f90: 01111110 00000010 00000000 00000000 00000000 00000000  ~.....
00000f96: 00000000 00000000 00000010 00000000 00000000 00000000  ......
00000f9c: 00010011 00000000 00000000 00000000 11111100 11111111  ......
00000fa2: 11111111 11111111 11111111 11111111 11111111 11111111  ......
00000fa8: 10000011 00000010 00000000 00000000 00000000 00000000  ......
00000fae: 00000000 00000000 00000100 00000000 00000000 00000000  ......
00000fb4: 00010100 00000000 00000000 00000000 11111100 11111111  ......
00000fba: 11111111 11111111 11111111 11111111 11111111 11111111  ......
00000fc0: 10010101 00000010 00000000 00000000 00000000 00000000  ......
00000fc6: 00000000 00000000 00000100 00000000 00000000 00000000  ......
00000fcc: 00010100 00000000 00000000 00000000 11111100 11111111  ......
00000fd2: 11111111 11111111 11111111 11111111 11111111 11111111  ......
00000fd8: 10100001 00000010 00000000 00000000 00000000 00000000  ......
00000fde: 00000000 00000000 00000010 00000000 00000000 00000000  ......
00000fe4: 00001111 00000000 00000000 00000000 11111100 11111111  ......
00000fea: 11111111 11111111 11111111 11111111 11111111 11111111  ......
00000ff0: 10100110 00000010 00000000 00000000 00000000 00000000  ......
00000ff6: 00000000 00000000 00000100 00000000 00000000 00000000  ......
00000ffc: 00010101 00000000 00000000 00000000 11111100 11111111  ......
00001002: 11111111 11111111 11111111 11111111 11111111 11111111  ......
00001008: 10101101 00000010 00000000 00000000 00000000 00000000  ......
0000100e: 00000000 00000000 00000010 00000000 00000000 00000000  ......
00001014: 00000101 00000000 00000000 00000000 10001010 00000000  ......
0000101a: 00000000 00000000 00000000 00000000 00000000 00000000  ......
00001020: 10110101 00000010 00000000 00000000 00000000 00000000  ......
00001026: 00000000 00000000 00000100 00000000 00000000 00000000  ......
0000102c: 00010001 00000000 00000000 00000000 11111100 11111111  ......
00001032: 11111111 11111111 11111111 11111111 11111111 11111111  ......
00001038: 11000101 00000010 00000000 00000000 00000000 00000000  ......
0000103e: 00000000 00000000 00000100 00000000 00000000 00000000  ......
00001044: 00010101 00000000 00000000 00000000 11111100 11111111  ......
0000104a: 11111111 11111111 11111111 11111111 11111111 11111111  ......
00001050: 11001100 00000010 00000000 00000000 00000000 00000000  ......
00001056: 00000000 00000000 00000010 00000000 00000000 00000000  ......
0000105c: 00000101 00000000 00000000 00000000 10001110 00000000  ......
00001062: 00000000 00000000 00000000 00000000 00000000 00000000  ......
00001068: 11010100 00000010 00000000 00000000 00000000 00000000  ......
0000106e: 00000000 00000000 00000100 00000000 00000000 00000000  ......
00001074: 00010001 00000000 00000000 00000000 11111100 11111111  ......
0000107a: 11111111 11111111 11111111 11111111 11111111 11111111  ......
00001080: 11101010 00000010 00000000 00000000 00000000 00000000  ......
00001086: 00000000 00000000 00000100 00000000 00000000 00000000  ......
0000108c: 00010101 00000000 00000000 00000000 11111100 11111111  ......
00001092: 11111111 11111111 11111111 11111111 11111111 11111111  ......
00001098: 11110100 00000010 00000000 00000000 00000000 00000000  ......
0000109e: 00000000 00000000 00101010 00000000 00000000 00000000  ..*...
000010a4: 00010110 00000000 00000000 00000000 11111100 11111111  ......
000010aa: 11111111 11111111 11111111 11111111 11111111 11111111  ......
000010b0: 11111111 00000010 00000000 00000000 00000000 00000000  ......
000010b6: 00000000 00000000 00000100 00000000 00000000 00000000  ......
000010bc: 00010111 00000000 00000000 00000000 11111100 11111111  ......
000010c2: 11111111 11111111 11111111 11111111 11111111 11111111  ......
000010c8: 00011101 00000011 00000000 00000000 00000000 00000000  ......
000010ce: 00000000 00000000 00000100 00000000 00000000 00000000  ......
000010d4: 00011000 00000000 00000000 00000000 11111100 11111111  ......
000010da: 11111111 11111111 11111111 11111111 11111111 11111111  ......
000010e0: 01000011 00000011 00000000 00000000 00000000 00000000  C.....
000010e6: 00000000 00000000 00000010 00000000 00000000 00000000  ......
000010ec: 00000100 00000000 00000000 00000000 11111100 11111111  ......
000010f2: 11111111 11111111 11111111 11111111 11111111 11111111  ......
000010f8: 01001000 00000011 00000000 00000000 00000000 00000000  H.....
000010fe: 00000000 00000000 00000100 00000000 00000000 00000000  ......
00001104: 00011001 00000000 00000000 00000000 11111100 11111111  ......
0000110a: 11111111 11111111 11111111 11111111 11111111 11111111  ......
00001110: 01001111 00000011 00000000 00000000 00000000 00000000  O.....
00001116: 00000000 00000000 00000010 00000000 00000000 00000000  ......
0000111c: 00011010 00000000 00000000 00000000 11111100 11111111  ......
00001122: 11111111 11111111 11111111 11111111 11111111 11111111  ......
00001128: 01010110 00000011 00000000 00000000 00000000 00000000  V.....
0000112e: 00000000 00000000 00000010 00000000 00000000 00000000  ......
00001134: 00000100 00000000 00000000 00000000 11111100 11111111  ......
0000113a: 11111111 11111111 11111111 11111111 11111111 11111111  ......
00001140: 01011101 00000011 00000000 00000000 00000000 00000000  ].....
00001146: 00000000 00000000 00101010 00000000 00000000 00000000  ..*...
0000114c: 00011011 00000000 00000000 00000000 11111100 11111111  ......
00001152: 11111111 11111111 11111111 11111111 11111111 11111111  ......
00001158: 01100101 00000011 00000000 00000000 00000000 00000000  e.....
0000115e: 00000000 00000000 00000100 00000000 00000000 00000000  ......
00001164: 00011100 00000000 00000000 00000000 11111100 11111111  ......
0000116a: 11111111 11111111 11111111 11111111 11111111 11111111  ......
00001170: 00000000 00000000 00000000 00000000 00000000 00000000  ......
00001176: 00000000 00000000 00000001 00000000 00000000 00000000  ......
0000117c: 00000010 00000000 00000000 00000000 01101100 00000011  ....l.
00001182: 00000000 00000000 00000000 00000000 00000000 00000000  ......
00001188: 00100000 00000000 00000000 00000000 00000000 00000000   .....
0000118e: 00000000 00000000 00000010 00000000 00000000 00000000  ......
00001194: 00000010 00000000 00000000 00000000 00000000 00000000  ......
0000119a: 00000000 00000000 00000000 00000000 00000000 00000000  ......
000011a0: 01000000 00000000 00000000 00000000 00000000 00000000  @.....
000011a6: 00000000 00000000 00000010 00000000 00000000 00000000  ......
000011ac: 00000010 00000000 00000000 00000000 01111001 00000000  ....y.
000011b2: 00000000 00000000 00000000 00000000 00000000 00000000  ......
000011b8: 01100000 00000000 00000000 00000000 00000000 00000000  `.....
000011be: 00000000 00000000 00000010 00000000 00000000 00000000  ......
000011c4: 00000010 00000000 00000000 00000000 00100011 00000011  ....#.
000011ca: 00000000 00000000 00000000 00000000 00000000 00000000  ......
000011d0: 10000000 00000000 00000000 00000000 00000000 00000000  ......
000011d6: 00000000 00000000 00000010 00000000 00000000 00000000  ......
000011dc: 00000010 00000000 00000000 00000000 01101100 00000011  ....l.
000011e2: 00000000 00000000 00000000 00000000 00000000 00000000  ......
000011e8: 00000000 00101110 01110011 01111001 01101101 01110100  ..symt
000011ee: 01100001 01100010 00000000 00101110 01110011 01110100  ab..st
000011f4: 01110010 01110100 01100001 01100010 00000000 00101110  rtab..
000011fa: 01110011 01101000 01110011 01110100 01110010 01110100  shstrt
00001200: 01100001 01100010 00000000 00101110 01110010 01100101  ab..re
00001206: 01101100 01100001 00101110 01110100 01100101 01111000  la.tex
0000120c: 01110100 00000000 00101110 01100100 01100001 01110100  t..dat
00001212: 01100001 00000000 00101110 01100010 01110011 01110011  a..bss
00001218: 00000000 00101110 01110010 01101111 01100100 01100001  ..roda
0000121e: 01110100 01100001 00000000 00101110 01110010 01100101  ta..re
00001224: 01101100 01100001 00101110 01101001 01101110 01101001  la.ini
0000122a: 01110100 01011111 01100001 01110010 01110010 01100001  t_arra
00001230: 01111001 00000000 00101110 01100011 01101111 01101101  y..com
00001236: 01101101 01100101 01101110 01110100 00000000 00101110  ment..
0000123c: 01101110 01101111 01110100 01100101 00101110 01000111  note.G
00001242: 01001110 01010101 00101101 01110011 01110100 01100001  NU-sta
00001248: 01100011 01101011 00000000 00101110 01110010 01100101  ck..re
0000124e: 01101100 01100001 00101110 01100101 01101000 01011111  la.eh_
00001254: 01100110 01110010 01100001 01101101 01100101 00000000  frame.
0000125a: 00000000 00000000 00000000 00000000 00000000 00000000  ......
00001260: 00000000 00000000 00000000 00000000 00000000 00000000  ......
00001266: 00000000 00000000 00000000 00000000 00000000 00000000  ......
0000126c: 00000000 00000000 00000000 00000000 00000000 00000000  ......
00001272: 00000000 00000000 00000000 00000000 00000000 00000000  ......
00001278: 00000000 00000000 00000000 00000000 00000000 00000000  ......
0000127e: 00000000 00000000 00000000 00000000 00000000 00000000  ......
00001284: 00000000 00000000 00000000 00000000 00000000 00000000  ......
0000128a: 00000000 00000000 00000000 00000000 00000000 00000000  ......
00001290: 00000000 00000000 00000000 00000000 00000000 00000000  ......
00001296: 00000000 00000000 00000000 00000000 00000000 00000000  ......
0000129c: 00000000 00000000 00000000 00000000 00100000 00000000  .... .
000012a2: 00000000 00000000 00000001 00000000 00000000 00000000  ......
000012a8: 00000110 00000000 00000000 00000000 00000000 00000000  ......
000012ae: 00000000 00000000 00000000 00000000 00000000 00000000  ......
000012b4: 00000000 00000000 00000000 00000000 01000000 00000000  ....@.
000012ba: 00000000 00000000 00000000 00000000 00000000 00000000  ......
000012c0: 10000001 00000011 00000000 00000000 00000000 00000000  ......
000012c6: 00000000 00000000 00000000 00000000 00000000 00000000  ......
000012cc: 00000000 00000000 00000000 00000000 00000001 00000000  ......
000012d2: 00000000 00000000 00000000 00000000 00000000 00000000  ......
000012d8: 00000000 00000000 00000000 00000000 00000000 00000000  ......
000012de: 00000000 00000000 00011011 00000000 00000000 00000000  ......
000012e4: 00000100 00000000 00000000 00000000 01000000 00000000  ....@.
000012ea: 00000000 00000000 00000000 00000000 00000000 00000000  ......
000012f0: 00000000 00000000 00000000 00000000 00000000 00000000  ......
000012f6: 00000000 00000000 10010000 00001001 00000000 00000000  ......
000012fc: 00000000 00000000 00000000 00000000 11100000 00000111  ......
00001302: 00000000 00000000 00000000 00000000 00000000 00000000  ......
00001308: 00001100 00000000 00000000 00000000 00000001 00000000  ......
0000130e: 00000000 00000000 00001000 00000000 00000000 00000000  ......
00001314: 00000000 00000000 00000000 00000000 00011000 00000000  ......
0000131a: 00000000 00000000 00000000 00000000 00000000 00000000  ......
00001320: 00100110 00000000 00000000 00000000 00000001 00000000  &.....
00001326: 00000000 00000000 00000011 00000000 00000000 00000000  ......
0000132c: 00000000 00000000 00000000 00000000 00000000 00000000  ......
00001332: 00000000 00000000 00000000 00000000 00000000 00000000  ......
00001338: 11000001 00000011 00000000 00000000 00000000 00000000  ......
0000133e: 00000000 00000000 00000000 00000000 00000000 00000000  ......
00001344: 00000000 00000000 00000000 00000000 00000000 00000000  ......
0000134a: 00000000 00000000 00000000 00000000 00000000 00000000  ......
00001350: 00000001 00000000 00000000 00000000 00000000 00000000  ......
00001356: 00000000 00000000 00000000 00000000 00000000 00000000  ......
0000135c: 00000000 00000000 00000000 00000000 00101100 00000000  ....,.
00001362: 00000000 00000000 00001000 00000000 00000000 00000000  ......
00001368: 00000011 00000000 00000000 00000000 00000000 00000000  ......
0000136e: 00000000 00000000 00000000 00000000 00000000 00000000  ......
00001374: 00000000 00000000 00000000 00000000 11000001 00000011  ......
0000137a: 00000000 00000000 00000000 00000000 00000000 00000000  ......
00001380: 00000001 00000000 00000000 00000000 00000000 00000000  ......
00001386: 00000000 00000000 00000000 00000000 00000000 00000000  ......
0000138c: 00000000 00000000 00000000 00000000 00000001 00000000  ......
00001392: 00000000 00000000 00000000 00000000 00000000 00000000  ......
00001398: 00000000 00000000 00000000 00000000 00000000 00000000  ......
0000139e: 00000000 00000000 00110001 00000000 00000000 00000000  ..1...
000013a4: 00000001 00000000 00000000 00000000 00000010 00000000  ......
000013aa: 00000000 00000000 00000000 00000000 00000000 00000000  ......
000013b0: 00000000 00000000 00000000 00000000 00000000 00000000  ......
000013b6: 00000000 00000000 11000001 00000011 00000000 00000000  ......
000013bc: 00000000 00000000 00000000 00000000 10010110 00000000  ......
000013c2: 00000000 00000000 00000000 00000000 00000000 00000000  ......
000013c8: 00000000 00000000 00000000 00000000 00000000 00000000  ......
000013ce: 00000000 00000000 00000001 00000000 00000000 00000000  ......
000013d4: 00000000 00000000 00000000 00000000 00000000 00000000  ......
000013da: 00000000 00000000 00000000 00000000 00000000 00000000  ......
000013e0: 00111110 00000000 00000000 00000000 00001110 00000000  >.....
000013e6: 00000000 00000000 00000011 00000000 00000000 00000000  ......
000013ec: 00000000 00000000 00000000 00000000 00000000 00000000  ......
000013f2: 00000000 00000000 00000000 00000000 00000000 00000000  ......
000013f8: 01011000 00000100 00000000 00000000 00000000 00000000  X.....
000013fe: 00000000 00000000 00001000 00000000 00000000 00000000  ......
00001404: 00000000 00000000 00000000 00000000 00000000 00000000  ......
0000140a: 00000000 00000000 00000000 00000000 00000000 00000000  ......
00001410: 00001000 00000000 00000000 00000000 00000000 00000000  ......
00001416: 00000000 00000000 00001000 00000000 00000000 00000000  ......
0000141c: 00000000 00000000 00000000 00000000 00111001 00000000  ....9.
00001422: 00000000 00000000 00000100 00000000 00000000 00000000  ......
00001428: 01000000 00000000 00000000 00000000 00000000 00000000  @.....
0000142e: 00000000 00000000 00000000 00000000 00000000 00000000  ......
00001434: 00000000 00000000 00000000 00000000 01110000 00010001  ....p.
0000143a: 00000000 00000000 00000000 00000000 00000000 00000000  ......
00001440: 00011000 00000000 00000000 00000000 00000000 00000000  ......
00001446: 00000000 00000000 00001100 00000000 00000000 00000000  ......
0000144c: 00000110 00000000 00000000 00000000 00001000 00000000  ......
00001452: 00000000 00000000 00000000 00000000 00000000 00000000  ......
00001458: 00011000 00000000 00000000 00000000 00000000 00000000  ......
0000145e: 00000000 00000000 01001010 00000000 00000000 00000000  ..J...
00001464: 00000001 00000000 00000000 00000000 00110000 00000000  ....0.
0000146a: 00000000 00000000 00000000 00000000 00000000 00000000  ......
00001470: 00000000 00000000 00000000 00000000 00000000 00000000  ......
00001476: 00000000 00000000 01100000 00000100 00000000 00000000  ..`...
0000147c: 00000000 00000000 00000000 00000000 00101010 00000000  ....*.
00001482: 00000000 00000000 00000000 00000000 00000000 00000000  ......
00001488: 00000000 00000000 00000000 00000000 00000000 00000000  ......
0000148e: 00000000 00000000 00000001 00000000 00000000 00000000  ......
00001494: 00000000 00000000 00000000 00000000 00000001 00000000  ......
0000149a: 00000000 00000000 00000000 00000000 00000000 00000000  ......
000014a0: 01010011 00000000 00000000 00000000 00000001 00000000  S.....
000014a6: 00000000 00000000 00000000 00000000 00000000 00000000  ......
000014ac: 00000000 00000000 00000000 00000000 00000000 00000000  ......
000014b2: 00000000 00000000 00000000 00000000 00000000 00000000  ......
000014b8: 10001010 00000100 00000000 00000000 00000000 00000000  ......
000014be: 00000000 00000000 00000000 00000000 00000000 00000000  ......
000014c4: 00000000 00000000 00000000 00000000 00000000 00000000  ......
000014ca: 00000000 00000000 00000000 00000000 00000000 00000000  ......
000014d0: 00000001 00000000 00000000 00000000 00000000 00000000  ......
000014d6: 00000000 00000000 00000000 00000000 00000000 00000000  ......
000014dc: 00000000 00000000 00000000 00000000 01101000 00000000  ....h.
000014e2: 00000000 00000000 00000001 00000000 00000000 00000000  ......
000014e8: 00000010 00000000 00000000 00000000 00000000 00000000  ......
000014ee: 00000000 00000000 00000000 00000000 00000000 00000000  ......
000014f4: 00000000 00000000 00000000 00000000 10010000 00000100  ......
000014fa: 00000000 00000000 00000000 00000000 00000000 00000000  ......
00001500: 10011000 00000000 00000000 00000000 00000000 00000000  ......
00001506: 00000000 00000000 00000000 00000000 00000000 00000000  ......
0000150c: 00000000 00000000 00000000 00000000 00001000 00000000  ......
00001512: 00000000 00000000 00000000 00000000 00000000 00000000  ......
00001518: 00000000 00000000 00000000 00000000 00000000 00000000  ......
0000151e: 00000000 00000000 01100011 00000000 00000000 00000000  ..c...
00001524: 00000100 00000000 00000000 00000000 01000000 00000000  ....@.
0000152a: 00000000 00000000 00000000 00000000 00000000 00000000  ......
00001530: 00000000 00000000 00000000 00000000 00000000 00000000  ......
00001536: 00000000 00000000 10001000 00010001 00000000 00000000  ......
0000153c: 00000000 00000000 00000000 00000000 01100000 00000000  ....`.
00001542: 00000000 00000000 00000000 00000000 00000000 00000000  ......
00001548: 00001100 00000000 00000000 00000000 00001010 00000000  ......
0000154e: 00000000 00000000 00001000 00000000 00000000 00000000  ......
00001554: 00000000 00000000 00000000 00000000 00011000 00000000  ......
0000155a: 00000000 00000000 00000000 00000000 00000000 00000000  ......
00001560: 00000001 00000000 00000000 00000000 00000010 00000000  ......
00001566: 00000000 00000000 00000000 00000000 00000000 00000000  ......
0000156c: 00000000 00000000 00000000 00000000 00000000 00000000  ......
00001572: 00000000 00000000 00000000 00000000 00000000 00000000  ......
00001578: 00101000 00000101 00000000 00000000 00000000 00000000  (.....
0000157e: 00000000 00000000 10111000 00000010 00000000 00000000  ......
00001584: 00000000 00000000 00000000 00000000 00001101 00000000  ......
0000158a: 00000000 00000000 00001110 00000000 00000000 00000000  ......
00001590: 00001000 00000000 00000000 00000000 00000000 00000000  ......
00001596: 00000000 00000000 00011000 00000000 00000000 00000000  ......
0000159c: 00000000 00000000 00000000 00000000 00001001 00000000  ......
000015a2: 00000000 00000000 00000011 00000000 00000000 00000000  ......
000015a8: 00000000 00000000 00000000 00000000 00000000 00000000  ......
000015ae: 00000000 00000000 00000000 00000000 00000000 00000000  ......
000015b4: 00000000 00000000 00000000 00000000 11100000 00000111  ......
000015ba: 00000000 00000000 00000000 00000000 00000000 00000000  ......
000015c0: 10101111 00000001 00000000 00000000 00000000 00000000  ......
000015c6: 00000000 00000000 00000000 00000000 00000000 00000000  ......
000015cc: 00000000 00000000 00000000 00000000 00000001 00000000  ......
000015d2: 00000000 00000000 00000000 00000000 00000000 00000000  ......
000015d8: 00000000 00000000 00000000 00000000 00000000 00000000  ......
000015de: 00000000 00000000 00010001 00000000 00000000 00000000  ......
000015e4: 00000011 00000000 00000000 00000000 00000000 00000000  ......
000015ea: 00000000 00000000 00000000 00000000 00000000 00000000  ......
000015f0: 00000000 00000000 00000000 00000000 00000000 00000000  ......
000015f6: 00000000 00000000 11101000 00010001 00000000 00000000  ......
000015fc: 00000000 00000000 00000000 00000000 01110010 00000000  ....r.
00001602: 00000000 00000000 00000000 00000000 00000000 00000000  ......
00001608: 00000000 00000000 00000000 00000000 00000000 00000000  ......
0000160e: 00000000 00000000 00000001 00000000 00000000 00000000  ......
00001614: 00000000 00000000 00000000 00000000 00000000 00000000  ......
0000161a: 00000000 00000000 00000000 00000000 00000000 00000000 
